	16.0	17.0	18.0	19.0	20.0	21.0	22.0	23.0	24.0	25.0	26.0	27.0	28.0	29.0	30.0	31.0	32.0	33.0	34.0	35.0	36.0	37.0	38.0
16S0064C_S1_L001_R1_001	4.0	8.0	29.0	35.0	49.0	124.0	187.0	290.0	421.0	589.0	728.0	992.0	1331.0	1726.0	2168.0	2789.0	3677.0	4869.0	6882.0	11118.0	21653.0	87561.0	1.0
	14.0	15.0	16.0	17.0	18.0	19.0	20.0	21.0	22.0	23.0	24.0	25.0	26.0	27.0	28.0	29.0	30.0	31.0	32.0	33.0	34.0	35.0	36.0	37.0	38.0
16S0064C_S1_L001_R2_001	5.0	21.0	69.0	111.0	209.0	257.0	347.0	464.0	635.0	823.0	1031.0	1422.0	1659.0	2148.0	2937.0	3979.0	5529.0	7627.0	10883.0	16431.0	25117.0	35267.0	27750.0	2509.0	1.0
	22.0	23.0	24.0	25.0	26.0	27.0	28.0	29.0	30.0	31.0	32.0	33.0	34.0	35.0	36.0	37.0
16S0064O_S9_L001_R1_001	2.0	1.0	0.0	0.0	0.0	2.0	3.0	1.0	2.0	4.0	3.0	2.0	3.0	2.0	9.0	14.0
	18.0	19.0	20.0	21.0	22.0	23.0	24.0	25.0	26.0	27.0	28.0	29.0	30.0	31.0	32.0	33.0	34.0	35.0	36.0
16S0064O_S9_L001_R2_001	1.0	1.0	0.0	3.0	0.0	3.0	0.0	2.0	0.0	3.0	2.0	2.0	5.0	4.0	7.0	4.0	6.0	4.0	1.0
	16.0	17.0	18.0	19.0	20.0	21.0	22.0	23.0	24.0	25.0	26.0	27.0	28.0	29.0	30.0	31.0	32.0	33.0	34.0	35.0	36.0	37.0
16S0064W_S17_L001_R1_001	4.0	11.0	23.0	28.0	44.0	67.0	107.0	178.0	253.0	349.0	484.0	645.0	830.0	1035.0	1423.0	1768.0	2259.0	3058.0	4542.0	7405.0	15400.0	77023.0
	14.0	15.0	16.0	17.0	18.0	19.0	20.0	21.0	22.0	23.0	24.0	25.0	26.0	27.0	28.0	29.0	30.0	31.0	32.0	33.0	34.0	35.0	36.0	37.0
16S0064W_S17_L001_R2_001	4.0	18.0	61.0	108.0	178.0	255.0	331.0	457.0	549.0	667.0	871.0	1110.0	1345.0	1861.0	2432.0	3185.0	4366.0	5956.0	8874.0	13391.0	20842.0	28708.0	19989.0	1378.0
	16.0	17.0	18.0	19.0	20.0	21.0	22.0	23.0	24.0	25.0	26.0	27.0	28.0	29.0	30.0	31.0	32.0	33.0	34.0	35.0	36.0	37.0
16S0073C_S25_L001_R1_001	5.0	18.0	53.0	46.0	69.0	123.0	219.0	360.0	528.0	710.0	982.0	1335.0	1596.0	2082.0	2736.0	3485.0	4649.0	6321.0	9333.0	14644.0	30031.0	132741.0
	13.0	14.0	15.0	16.0	17.0	18.0	19.0	20.0	21.0	22.0	23.0	24.0	25.0	26.0	27.0	28.0	29.0	30.0	31.0	32.0	33.0	34.0	35.0	36.0	37.0	38.0
16S0073C_S25_L001_R2_001	1.0	10.0	24.0	98.0	218.0	337.0	439.0	635.0	853.0	1116.0	1395.0	1844.0	2284.0	2969.0	3827.0	4955.0	6608.0	9146.0	12450.0	17766.0	26724.0	39171.0	49177.0	28671.0	1347.0	1.0
	16.0	17.0	18.0	19.0	20.0	21.0	22.0	23.0	24.0	25.0	26.0	27.0	28.0	29.0	30.0	31.0	32.0	33.0	34.0	35.0	36.0	37.0	38.0
16S0073O_S32_L001_R1_001	6.0	20.0	31.0	32.0	63.0	105.0	217.0	307.0	475.0	597.0	894.0	1192.0	1462.0	1877.0	2578.0	3256.0	4346.0	6120.0	8697.0	13833.0	26568.0	59555.0	1.0
	14.0	15.0	16.0	17.0	18.0	19.0	20.0	21.0	22.0	23.0	24.0	25.0	26.0	27.0	28.0	29.0	30.0	31.0	32.0	33.0	34.0	35.0	36.0	37.0
16S0073O_S32_L001_R2_001	1.0	15.0	53.0	91.0	177.0	209.0	260.0	324.0	422.0	548.0	687.0	969.0	1274.0	1747.0	2291.0	3136.0	4441.0	6563.0	10055.0	15637.0	24707.0	34679.0	22777.0	1169.0
	16.0	17.0	18.0	19.0	20.0	21.0	22.0	23.0	24.0	25.0	26.0	27.0	28.0	29.0	30.0	31.0	32.0	33.0	34.0	35.0	36.0	37.0
16S0073W_S39_L001_R1_001	2.0	5.0	12.0	21.0	31.0	76.0	130.0	206.0	321.0	455.0	551.0	724.0	891.0	1229.0	1645.0	2049.0	2575.0	3566.0	5106.0	8284.0	16267.0	48798.0
	14.0	15.0	16.0	17.0	18.0	19.0	20.0	21.0	22.0	23.0	24.0	25.0	26.0	27.0	28.0	29.0	30.0	31.0	32.0	33.0	34.0	35.0	36.0	37.0
16S0073W_S39_L001_R2_001	3.0	10.0	48.0	96.0	157.0	197.0	271.0	381.0	537.0	588.0	843.0	1047.0	1311.0	1785.0	2450.0	3415.0	4740.0	6669.0	9290.0	13387.0	18078.0	18772.0	8528.0	341.0
	16.0	17.0	18.0	19.0	20.0	21.0	22.0	23.0	24.0	25.0	26.0	27.0	28.0	29.0	30.0	31.0	32.0	33.0	34.0	35.0	36.0	37.0
16S0074C_S52_L001_R1_001	7.0	32.0	120.0	166.0	194.0	297.0	517.0	727.0	985.0	1428.0	1888.0	2433.0	3195.0	4056.0	5154.0	6586.0	8796.0	12105.0	17189.0	27364.0	55093.0	261308.0
	13.0	14.0	15.0	16.0	17.0	18.0	19.0	20.0	21.0	22.0	23.0	24.0	25.0	26.0	27.0	28.0	29.0	30.0	31.0	32.0	33.0	34.0	35.0	36.0	37.0
16S0074C_S52_L001_R2_001	1.0	6.0	45.0	142.0	366.0	533.0	773.0	1046.0	1286.0	1731.0	2249.0	2791.0	3622.0	4760.0	6180.0	7910.0	10617.0	14153.0	20032.0	28925.0	43429.0	68120.0	102354.0	83009.0	5560.0
	16.0	17.0	18.0	19.0	20.0	21.0	22.0	23.0	24.0	25.0	26.0	27.0	28.0	29.0	30.0	31.0	32.0	33.0	34.0	35.0	36.0	37.0
16S0074O_S46_L001_R1_001	6.0	21.0	33.0	50.0	65.0	131.0	212.0	285.0	442.0	601.0	772.0	1003.0	1328.0	1708.0	2142.0	2824.0	3699.0	5043.0	7159.0	11484.0	23110.0	106626.0
	14.0	15.0	16.0	17.0	18.0	19.0	20.0	21.0	22.0	23.0	24.0	25.0	26.0	27.0	28.0	29.0	30.0	31.0	32.0	33.0	34.0	35.0	36.0	37.0	38.0
16S0074O_S46_L001_R2_001	3.0	24.0	87.0	188.0	305.0	447.0	604.0	795.0	1004.0	1235.0	1603.0	1888.0	2434.0	2940.0	4007.0	5216.0	7022.0	9882.0	14214.0	20357.0	30648.0	39410.0	23301.0	1129.0	1.0
	16.0	17.0	18.0	19.0	20.0	21.0	22.0	23.0	24.0	25.0	26.0	27.0	28.0	29.0	30.0	31.0	32.0	33.0	34.0	35.0	36.0	37.0
16S0084C_S58_L001_R1_001	2.0	10.0	25.0	23.0	49.0	75.0	189.0	290.0	392.0	539.0	700.0	923.0	1355.0	1602.0	2167.0	2728.0	3514.0	4749.0	6963.0	10901.0	21471.0	65440.0
	13.0	14.0	15.0	16.0	17.0	18.0	19.0	20.0	21.0	22.0	23.0	24.0	25.0	26.0	27.0	28.0	29.0	30.0	31.0	32.0	33.0	34.0	35.0	36.0	37.0
16S0084C_S58_L001_R2_001	1.0	1.0	16.0	43.0	114.0	177.0	223.0	289.0	418.0	462.0	679.0	859.0	1151.0	1362.0	1823.0	2449.0	3209.0	4610.0	6447.0	9376.0	14147.0	22159.0	31228.0	21725.0	1139.0
	16.0	17.0	18.0	19.0	20.0	21.0	22.0	23.0	24.0	25.0	26.0	27.0	28.0	29.0	30.0	31.0	32.0	33.0	34.0	35.0	36.0	37.0
16S0084W_S64_L001_R1_001	3.0	20.0	45.0	61.0	117.0	217.0	347.0	580.0	724.0	983.0	1278.0	1661.0	2262.0	2793.0	3734.0	4815.0	6341.0	8672.0	12320.0	19835.0	40236.0	182680.0
	13.0	14.0	15.0	16.0	17.0	18.0	19.0	20.0	21.0	22.0	23.0	24.0	25.0	26.0	27.0	28.0	29.0	30.0	31.0	32.0	33.0	34.0	35.0	36.0	37.0	38.0
16S0084W_S64_L001_R2_001	1.0	6.0	34.0	126.0	277.0	363.0	494.0	652.0	870.0	998.0	1362.0	1755.0	2290.0	2848.0	3662.0	4882.0	6615.0	9233.0	12797.0	18972.0	28479.0	45226.0	71141.0	69700.0	6940.0	1.0
	16.0	17.0	18.0	19.0	20.0	21.0	22.0	23.0	24.0	25.0	26.0	27.0	28.0	29.0	30.0	31.0	32.0	33.0	34.0	35.0	36.0	37.0
16S0087C_S76_L001_R1_001	6.0	22.0	52.0	77.0	143.0	230.0	400.0	559.0	775.0	1108.0	1429.0	1794.0	2292.0	2927.0	3747.0	4910.0	6200.0	8270.0	12060.0	18909.0	37418.0	149844.0
	14.0	15.0	16.0	17.0	18.0	19.0	20.0	21.0	22.0	23.0	24.0	25.0	26.0	27.0	28.0	29.0	30.0	31.0	32.0	33.0	34.0	35.0	36.0	37.0
16S0087C_S76_L001_R2_001	6.0	38.0	126.0	321.0	452.0	638.0	868.0	1100.0	1411.0	1891.0	2400.0	3124.0	4036.0	5283.0	6967.0	9034.0	12201.0	16733.0	23624.0	33328.0	45646.0	52503.0	30115.0	1327.0
	16.0	17.0	18.0	19.0	20.0	21.0	22.0	23.0	24.0	25.0	26.0	27.0	28.0	29.0	30.0	31.0	32.0	33.0	34.0	35.0	36.0	37.0	38.0
16S0087O_S70_L001_R1_001	1.0	16.0	30.0	46.0	50.0	108.0	196.0	311.0	454.0	603.0	854.0	1086.0	1448.0	1746.0	2318.0	2840.0	3515.0	4798.0	6915.0	10825.0	21169.0	88819.0	2.0
	14.0	15.0	16.0	17.0	18.0	19.0	20.0	21.0	22.0	23.0	24.0	25.0	26.0	27.0	28.0	29.0	30.0	31.0	32.0	33.0	34.0	35.0	36.0	37.0	38.0
16S0087O_S70_L001_R2_001	2.0	31.0	73.0	215.0	297.0	428.0	560.0	775.0	945.0	1193.0	1499.0	1860.0	2377.0	3005.0	3953.0	5178.0	6961.0	9453.0	13250.0	18937.0	27194.0	31548.0	17584.0	831.0	1.0
	16.0	17.0	18.0	19.0	20.0	21.0	22.0	23.0	24.0	25.0	26.0	27.0	28.0	29.0	30.0	31.0	32.0	33.0	34.0	35.0	36.0	37.0
16S0088C_S10_L001_R1_001	2.0	1.0	12.0	15.0	19.0	29.0	57.0	74.0	99.0	143.0	193.0	278.0	339.0	425.0	530.0	787.0	997.0	1363.0	1966.0	2970.0	5999.0	23828.0
	15.0	16.0	17.0	18.0	19.0	20.0	21.0	22.0	23.0	24.0	25.0	26.0	27.0	28.0	29.0	30.0	31.0	32.0	33.0	34.0	35.0	36.0	37.0
16S0088C_S10_L001_R2_001	4.0	14.0	29.0	38.0	64.0	82.0	109.0	174.0	186.0	278.0	336.0	440.0	551.0	760.0	1063.0	1369.0	2033.0	2891.0	4299.0	6994.0	9575.0	8048.0	789.0
	17.0	18.0	19.0	20.0	21.0	22.0	23.0	24.0	25.0	26.0	27.0	28.0	29.0	30.0	31.0	32.0	33.0	34.0	35.0	36.0	37.0
16S0088O_S2_L001_R1_001	2.0	13.0	18.0	20.0	51.0	75.0	103.0	145.0	198.0	287.0	307.0	421.0	559.0	683.0	818.0	1046.0	1499.0	2080.0	3233.0	6523.0	25476.0
	14.0	15.0	16.0	17.0	18.0	19.0	20.0	21.0	22.0	23.0	24.0	25.0	26.0	27.0	28.0	29.0	30.0	31.0	32.0	33.0	34.0	35.0	36.0	37.0
16S0088O_S2_L001_R2_001	3.0	8.0	24.0	49.0	77.0	91.0	124.0	154.0	181.0	265.0	352.0	430.0	588.0	724.0	979.0	1408.0	1885.0	2660.0	3820.0	5630.0	8222.0	9929.0	5648.0	306.0
	16.0	17.0	18.0	19.0	20.0	21.0	22.0	23.0	24.0	25.0	26.0	27.0	28.0	29.0	30.0	31.0	32.0	33.0	34.0	35.0	36.0	37.0	38.0
16S0089C_S18_L001_R1_001	4.0	12.0	42.0	33.0	55.0	94.0	157.0	251.0	342.0	492.0	637.0	908.0	1119.0	1523.0	1999.0	2471.0	3333.0	4443.0	6508.0	10601.0	21318.0	106517.0	1.0
	14.0	15.0	16.0	17.0	18.0	19.0	20.0	21.0	22.0	23.0	24.0	25.0	26.0	27.0	28.0	29.0	30.0	31.0	32.0	33.0	34.0	35.0	36.0	37.0
16S0089C_S18_L001_R2_001	2.0	17.0	65.0	140.0	257.0	347.0	487.0	690.0	829.0	1080.0	1239.0	1637.0	2076.0	2654.0	3444.0	4520.0	6203.0	8760.0	12546.0	18472.0	28041.0	39424.0	28205.0	1725.0
	15.0	16.0	17.0	18.0	19.0	20.0	21.0	22.0	23.0	24.0	25.0	26.0	27.0	28.0	29.0	30.0	31.0	32.0	33.0	34.0	35.0	36.0	37.0
16S0089O_S26_L001_R1_001	1.0	1.0	5.0	24.0	36.0	49.0	73.0	160.0	243.0	342.0	464.0	662.0	897.0	1131.0	1436.0	1808.0	2402.0	3044.0	4206.0	5951.0	9562.0	19188.0	78598.0
	11.0	12.0	13.0	14.0	15.0	16.0	17.0	18.0	19.0	20.0	21.0	22.0	23.0	24.0	25.0	26.0	27.0	28.0	29.0	30.0	31.0	32.0	33.0	34.0	35.0	36.0	37.0
16S0089O_S26_L001_R2_001	1.0	0.0	1.0	1.0	14.0	52.0	117.0	185.0	237.0	346.0	444.0	579.0	735.0	953.0	1187.0	1514.0	1951.0	2647.0	3510.0	4909.0	6795.0	9866.0	14886.0	22920.0	32049.0	22903.0	1481.0
	17.0	18.0	19.0	20.0	21.0	22.0	23.0	24.0	25.0	26.0	27.0	28.0	29.0	30.0	31.0	32.0	33.0	34.0	35.0	36.0	37.0
16S0090C_S40_L001_R1_001	7.0	9.0	10.0	15.0	21.0	64.0	79.0	119.0	149.0	217.0	277.0	334.0	419.0	574.0	716.0	896.0	1253.0	1828.0	2850.0	6016.0	27010.0
	14.0	15.0	16.0	17.0	18.0	19.0	20.0	21.0	22.0	23.0	24.0	25.0	26.0	27.0	28.0	29.0	30.0	31.0	32.0	33.0	34.0	35.0	36.0	37.0
16S0090C_S40_L001_R2_001	4.0	6.0	19.0	44.0	64.0	80.0	110.0	141.0	226.0	262.0	316.0	364.0	501.0	627.0	833.0	1086.0	1490.0	2296.0	3169.0	4681.0	7419.0	10400.0	8106.0	619.0
	16.0	17.0	18.0	19.0	20.0	21.0	22.0	23.0	24.0	25.0	26.0	27.0	28.0	29.0	30.0	31.0	32.0	33.0	34.0	35.0	36.0	37.0
16S0090O_S33_L001_R1_001	5.0	29.0	32.0	50.0	73.0	114.0	220.0	329.0	472.0	707.0	916.0	1235.0	1622.0	2139.0	2790.0	3593.0	4796.0	6458.0	9717.0	15382.0	31821.0	163251.0
	14.0	15.0	16.0	17.0	18.0	19.0	20.0	21.0	22.0	23.0	24.0	25.0	26.0	27.0	28.0	29.0	30.0	31.0	32.0	33.0	34.0	35.0	36.0	37.0	38.0
16S0090O_S33_L001_R2_001	3.0	28.0	102.0	242.0	287.0	389.0	554.0	685.0	897.0	1097.0	1439.0	1865.0	2395.0	3037.0	4137.0	5647.0	7899.0	11052.0	16232.0	24620.0	39202.0	60934.0	57488.0	5517.0	3.0
	17.0	18.0	19.0	20.0	21.0	22.0	23.0	24.0	25.0	26.0	27.0	28.0	29.0	30.0	31.0	32.0	33.0	34.0	35.0	36.0	37.0
16S0092C_S53_L001_R1_001	2.0	10.0	14.0	22.0	37.0	55.0	87.0	122.0	165.0	231.0	318.0	404.0	559.0	744.0	879.0	1136.0	1615.0	2215.0	3605.0	7204.0	32699.0
	15.0	16.0	17.0	18.0	19.0	20.0	21.0	22.0	23.0	24.0	25.0	26.0	27.0	28.0	29.0	30.0	31.0	32.0	33.0	34.0	35.0	36.0	37.0
16S0092C_S53_L001_R2_001	3.0	21.0	45.0	86.0	96.0	102.0	134.0	201.0	252.0	281.0	409.0	549.0	674.0	876.0	1162.0	1647.0	2334.0	3465.0	5232.0	8345.0	12871.0	12262.0	1076.0
	20.0	21.0	22.0	23.0	24.0	25.0	26.0	27.0	28.0	29.0	30.0	31.0	32.0	33.0	34.0	35.0	36.0	37.0
16S0092O_S47_L001_R1_001	1.0	2.0	2.0	2.0	3.0	1.0	2.0	1.0	4.0	6.0	4.0	3.0	2.0	5.0	5.0	7.0	11.0	41.0
	18.0	19.0	20.0	21.0	22.0	23.0	24.0	25.0	26.0	27.0	28.0	29.0	30.0	31.0	32.0	33.0	34.0	35.0	36.0	37.0
16S0092O_S47_L001_R2_001	1.0	0.0	0.0	7.0	3.0	2.0	2.0	5.0	6.0	2.0	4.0	5.0	9.0	5.0	5.0	12.0	10.0	12.0	9.0	3.0
	16.0	17.0	18.0	19.0	20.0	21.0	22.0	23.0	24.0	25.0	26.0	27.0	28.0	29.0	30.0	31.0	32.0	33.0	34.0	35.0	36.0	37.0
16S0093C_S65_L001_R1_001	4.0	10.0	21.0	44.0	50.0	76.0	148.0	251.0	352.0	449.0	614.0	854.0	1094.0	1447.0	1878.0	2339.0	3176.0	4192.0	5949.0	9448.0	18799.0	86780.0
	14.0	15.0	16.0	17.0	18.0	19.0	20.0	21.0	22.0	23.0	24.0	25.0	26.0	27.0	28.0	29.0	30.0	31.0	32.0	33.0	34.0	35.0	36.0	37.0
16S0093C_S65_L001_R2_001	1.0	13.0	65.0	135.0	236.0	268.0	399.0	514.0	651.0	818.0	1022.0	1320.0	1673.0	2143.0	2936.0	3702.0	5307.0	7351.0	10527.0	15212.0	23386.0	32451.0	25732.0	2113.0
	16.0	17.0	18.0	19.0	20.0	21.0	22.0	23.0	24.0	25.0	26.0	27.0	28.0	29.0	30.0	31.0	32.0	33.0	34.0	35.0	36.0	37.0
16S0093O_S59_L001_R1_001	7.0	22.0	53.0	48.0	94.0	169.0	284.0	442.0	647.0	926.0	1281.0	1741.0	2173.0	2921.0	3652.0	4855.0	6449.0	8655.0	12557.0	20727.0	42138.0	208763.0
	14.0	15.0	16.0	17.0	18.0	19.0	20.0	21.0	22.0	23.0	24.0	25.0	26.0	27.0	28.0	29.0	30.0	31.0	32.0	33.0	34.0	35.0	36.0	37.0
16S0093O_S59_L001_R2_001	3.0	23.0	111.0	263.0	389.0	477.0	606.0	783.0	1110.0	1259.0	1792.0	2285.0	2897.0	3786.0	4850.0	6528.0	9203.0	13221.0	19524.0	30024.0	48066.0	78117.0	83981.0	9306.0
	15.0	16.0	17.0	18.0	19.0	20.0	21.0	22.0	23.0	24.0	25.0	26.0	27.0	28.0	29.0	30.0	31.0	32.0	33.0	34.0	35.0	36.0	37.0	38.0
16S0093W_S71_L001_R1_001	1.0	0.0	3.0	16.0	19.0	22.0	38.0	65.0	104.0	157.0	194.0	272.0	392.0	464.0	671.0	832.0	1101.0	1459.0	1928.0	2869.0	4685.0	9440.0	46704.0	1.0
	14.0	15.0	16.0	17.0	18.0	19.0	20.0	21.0	22.0	23.0	24.0	25.0	26.0	27.0	28.0	29.0	30.0	31.0	32.0	33.0	34.0	35.0	36.0	37.0
16S0093W_S71_L001_R2_001	3.0	11.0	30.0	71.0	108.0	115.0	164.0	235.0	325.0	389.0	473.0	615.0	865.0	1067.0	1412.0	2013.0	2640.0	3659.0	5455.0	7849.0	12214.0	17428.0	13319.0	977.0
	16.0	17.0	18.0	19.0	20.0	21.0	22.0	23.0	24.0	25.0	26.0	27.0	28.0	29.0	30.0	31.0	32.0	33.0	34.0	35.0	36.0	37.0	38.0
16S0094C_S3_L001_R1_001	4.0	7.0	18.0	29.0	47.0	71.0	139.0	206.0	301.0	384.0	577.0	741.0	1009.0	1250.0	1532.0	1988.0	2721.0	3617.0	5183.0	8315.0	16583.0	80159.0	1.0
	13.0	14.0	15.0	16.0	17.0	18.0	19.0	20.0	21.0	22.0	23.0	24.0	25.0	26.0	27.0	28.0	29.0	30.0	31.0	32.0	33.0	34.0	35.0	36.0	37.0
16S0094C_S3_L001_R2_001	1.0	0.0	13.0	55.0	111.0	167.0	247.0	321.0	469.0	509.0	706.0	864.0	1042.0	1292.0	1750.0	2314.0	3155.0	4257.0	5993.0	8541.0	13124.0	20530.0	30586.0	26330.0	2505.0
	17.0	18.0	19.0	20.0	21.0	22.0	23.0	24.0	25.0	26.0	27.0	28.0	29.0	30.0	31.0	32.0	33.0	34.0	35.0	36.0	37.0	38.0
16S0094O_S77_L001_R1_001	1.0	1.0	2.0	0.0	4.0	6.0	6.0	7.0	11.0	7.0	15.0	25.0	41.0	35.0	50.0	63.0	79.0	139.0	176.0	377.0	1017.0	1.0
	15.0	16.0	17.0	18.0	19.0	20.0	21.0	22.0	23.0	24.0	25.0	26.0	27.0	28.0	29.0	30.0	31.0	32.0	33.0	34.0	35.0	36.0	37.0
16S0094O_S77_L001_R2_001	1.0	3.0	4.0	5.0	6.0	14.0	8.0	11.0	13.0	14.0	33.0	34.0	56.0	60.0	96.0	123.0	177.0	254.0	298.0	401.0	361.0	83.0	8.0
	17.0	18.0	19.0	20.0	21.0	22.0	23.0	24.0	25.0	26.0	27.0	28.0	29.0	30.0	31.0	32.0	33.0	34.0	35.0	36.0	37.0	38.0
16S0113C_S19_L001_R1_001	1.0	1.0	0.0	0.0	1.0	5.0	4.0	9.0	10.0	7.0	20.0	20.0	24.0	37.0	44.0	56.0	75.0	108.0	184.0	342.0	1483.0	1.0
	15.0	16.0	17.0	18.0	19.0	20.0	21.0	22.0	23.0	24.0	25.0	26.0	27.0	28.0	29.0	30.0	31.0	32.0	33.0	34.0	35.0	36.0	37.0	38.0
16S0113C_S19_L001_R2_001	1.0	1.0	3.0	5.0	12.0	5.0	7.0	9.0	16.0	25.0	23.0	38.0	35.0	70.0	90.0	105.0	138.0	211.0	291.0	420.0	499.0	270.0	146.0	12.0
	15.0	16.0	17.0	18.0	19.0	20.0	21.0	22.0	23.0	24.0	25.0	26.0	27.0	28.0	29.0	30.0	31.0	32.0	33.0	34.0	35.0	36.0	37.0	38.0
16S0113O_S11_L001_R1_001	1.0	10.0	38.0	74.0	104.0	171.0	265.0	517.0	739.0	1116.0	1471.0	2035.0	2750.0	3509.0	4370.0	5718.0	7124.0	9307.0	12507.0	17712.0	27904.0	54583.0	235085.0	3.0
	14.0	15.0	16.0	17.0	18.0	19.0	20.0	21.0	22.0	23.0	24.0	25.0	26.0	27.0	28.0	29.0	30.0	31.0	32.0	33.0	34.0	35.0	36.0	37.0
16S0113O_S11_L001_R2_001	5.0	41.0	179.0	327.0	504.0	654.0	894.0	1175.0	1500.0	1994.0	2452.0	3213.0	4253.0	5318.0	7265.0	9692.0	13430.0	19375.0	28305.0	42890.0	66722.0	98934.0	74003.0	3988.0
	17.0	18.0	19.0	20.0	21.0	22.0	23.0	24.0	25.0	26.0	27.0	28.0	29.0	30.0	31.0	32.0	33.0	34.0	35.0	36.0	37.0	38.0
16S0117C_S27_L001_R1_001	7.0	8.0	24.0	54.0	92.0	171.0	314.0	404.0	590.0	750.0	997.0	1306.0	1621.0	2091.0	2811.0	3635.0	4891.0	7243.0	11450.0	22875.0	66651.0	2.0
	14.0	15.0	16.0	17.0	18.0	19.0	20.0	21.0	22.0	23.0	24.0	25.0	26.0	27.0	28.0	29.0	30.0	31.0	32.0	33.0	34.0	35.0	36.0	37.0
16S0117C_S27_L001_R2_001	1.0	18.0	54.0	97.0	121.0	151.0	219.0	284.0	373.0	447.0	704.0	821.0	1194.0	1494.0	2010.0	2679.0	3743.0	5466.0	8187.0	12601.0	20498.0	32826.0	31846.0	2153.0
	16.0	17.0	18.0	19.0	20.0	21.0	22.0	23.0	24.0	25.0	26.0	27.0	28.0	29.0	30.0	31.0	32.0	33.0	34.0	35.0	36.0	37.0
16S0117O_S34_L001_R1_001	1.0	18.0	52.0	72.0	81.0	125.0	213.0	311.0	448.0	635.0	850.0	1133.0	1524.0	2001.0	2602.0	3425.0	4398.0	6335.0	8921.0	14895.0	29795.0	134162.0
	14.0	15.0	16.0	17.0	18.0	19.0	20.0	21.0	22.0	23.0	24.0	25.0	26.0	27.0	28.0	29.0	30.0	31.0	32.0	33.0	34.0	35.0	36.0	37.0
16S0117O_S34_L001_R2_001	2.0	19.0	78.0	179.0	309.0	368.0	448.0	584.0	813.0	977.0	1309.0	1626.0	2201.0	2881.0	3742.0	5208.0	7260.0	10256.0	15184.0	23182.0	36831.0	53963.0	41890.0	2687.0
	15.0	16.0	17.0	18.0	19.0	20.0	21.0	22.0	23.0	24.0	25.0	26.0	27.0	28.0	29.0	30.0	31.0	32.0	33.0	34.0	35.0	36.0	37.0	38.0
16S0117W_S41_L001_R1_001	3.0	9.0	70.0	141.0	186.0	430.0	792.0	1389.0	2239.0	3082.0	4454.0	5671.0	7460.0	9468.0	12129.0	15365.0	19821.0	25780.0	34990.0	50202.0	79834.0	160408.0	693274.0	1.0
	13.0	14.0	15.0	16.0	17.0	18.0	19.0	20.0	21.0	22.0	23.0	24.0	25.0	26.0	27.0	28.0	29.0	30.0	31.0	32.0	33.0	34.0	35.0	36.0	37.0	38.0
16S0117W_S41_L001_R2_001	1.0	20.0	135.0	407.0	854.0	1325.0	1717.0	2292.0	2984.0	3755.0	4775.0	6210.0	7950.0	10008.0	13224.0	17645.0	24003.0	32962.0	46547.0	68476.0	105303.0	170391.0	280914.0	296607.0	28685.0	8.0
	17.0	18.0	19.0	20.0	21.0	22.0	23.0	24.0	25.0	26.0	27.0	28.0	29.0	30.0	31.0	32.0	33.0	34.0	35.0	36.0	37.0
16S0118C_S54_L001_R1_001	3.0	3.0	8.0	20.0	35.0	49.0	79.0	105.0	152.0	204.0	229.0	317.0	415.0	548.0	648.0	834.0	1180.0	1715.0	2744.0	5444.0	20572.0
	14.0	15.0	16.0	17.0	18.0	19.0	20.0	21.0	22.0	23.0	24.0	25.0	26.0	27.0	28.0	29.0	30.0	31.0	32.0	33.0	34.0	35.0	36.0	37.0	38.0
16S0118C_S54_L001_R2_001	1.0	5.0	17.0	36.0	51.0	69.0	79.0	111.0	154.0	185.0	200.0	278.0	379.0	465.0	646.0	933.0	1194.0	1640.0	2452.0	3853.0	5960.0	8467.0	7360.0	766.0	3.0
	20.0	21.0	22.0	23.0	24.0	25.0	26.0	27.0	28.0	29.0	30.0	31.0	32.0	33.0	34.0	35.0	36.0	37.0
16S0118O_S48_L001_R1_001	3.0	2.0	0.0	5.0	2.0	3.0	8.0	19.0	20.0	13.0	19.0	17.0	23.0	54.0	63.0	101.0	188.0	788.0
	17.0	18.0	19.0	20.0	21.0	22.0	23.0	24.0	25.0	26.0	27.0	28.0	29.0	30.0	31.0	32.0	33.0	34.0	35.0	36.0	37.0	38.0
16S0118O_S48_L001_R2_001	2.0	5.0	4.0	5.0	6.0	9.0	11.0	8.0	14.0	22.0	25.0	39.0	58.0	69.0	76.0	93.0	189.0	251.0	263.0	113.0	62.0	4.0
	18.0	19.0	20.0	21.0	22.0	23.0	24.0	25.0	26.0	27.0	28.0	29.0	30.0	31.0	32.0	33.0	34.0	35.0	36.0	37.0	38.0
16S0118W_S60_L001_R1_001	2.0	0.0	3.0	1.0	4.0	11.0	7.0	6.0	20.0	21.0	18.0	25.0	36.0	50.0	87.0	91.0	125.0	195.0	338.0	1507.0	5.0
	14.0	15.0	16.0	17.0	18.0	19.0	20.0	21.0	22.0	23.0	24.0	25.0	26.0	27.0	28.0	29.0	30.0	31.0	32.0	33.0	34.0	35.0	36.0	37.0	38.0
16S0118W_S60_L001_R2_001	1.0	0.0	3.0	2.0	5.0	8.0	4.0	14.0	21.0	12.0	27.0	22.0	22.0	51.0	69.0	98.0	108.0	162.0	229.0	311.0	499.0	568.0	242.0	65.0	9.0
	19.0	20.0	21.0	22.0	23.0	24.0	25.0	26.0	27.0	28.0	29.0	30.0	31.0	32.0	33.0	34.0	35.0	36.0	37.0
16S0119C_S72_L001_R1_001	5.0	2.0	2.0	7.0	13.0	24.0	26.0	28.0	46.0	68.0	74.0	82.0	144.0	186.0	238.0	298.0	488.0	993.0	4240.0
	15.0	16.0	17.0	18.0	19.0	20.0	21.0	22.0	23.0	24.0	25.0	26.0	27.0	28.0	29.0	30.0	31.0	32.0	33.0	34.0	35.0	36.0	37.0	38.0
16S0119C_S72_L001_R2_001	1.0	3.0	7.0	13.0	12.0	24.0	28.0	41.0	55.0	66.0	80.0	104.0	143.0	190.0	262.0	344.0	485.0	652.0	978.0	1370.0	1386.0	653.0	65.0	2.0
	15.0	16.0	17.0	18.0	19.0	20.0	21.0	22.0	23.0	24.0	25.0	26.0	27.0	28.0	29.0	30.0	31.0	32.0	33.0	34.0	35.0	36.0	37.0	38.0
16S0119O_S66_L001_R1_001	1.0	11.0	58.0	144.0	261.0	516.0	977.0	1631.0	2460.0	3562.0	4717.0	6375.0	8307.0	10784.0	13636.0	17323.0	21941.0	28554.0	38727.0	54931.0	86515.0	170917.0	727560.0	1.0
	13.0	14.0	15.0	16.0	17.0	18.0	19.0	20.0	21.0	22.0	23.0	24.0	25.0	26.0	27.0	28.0	29.0	30.0	31.0	32.0	33.0	34.0	35.0	36.0	37.0	38.0
16S0119O_S66_L001_R2_001	4.0	34.0	163.0	516.0	1134.0	1631.0	2102.0	3086.0	3889.0	4969.0	6365.0	8024.0	10414.0	13368.0	17670.0	23636.0	32085.0	44095.0	61270.0	88445.0	130425.0	198969.0	285333.0	241051.0	21228.0	3.0
	16.0	17.0	18.0	19.0	20.0	21.0	22.0	23.0	24.0	25.0	26.0	27.0	28.0	29.0	30.0	31.0	32.0	33.0	34.0	35.0	36.0	37.0	38.0
16S0119W_S78_L001_R1_001	1.0	14.0	40.0	38.0	64.0	123.0	177.0	289.0	378.0	502.0	707.0	901.0	1160.0	1547.0	2074.0	2511.0	3469.0	4779.0	6778.0	11108.0	21882.0	84812.0	1.0
	14.0	15.0	16.0	17.0	18.0	19.0	20.0	21.0	22.0	23.0	24.0	25.0	26.0	27.0	28.0	29.0	30.0	31.0	32.0	33.0	34.0	35.0	36.0	37.0	38.0
16S0119W_S78_L001_R2_001	1.0	18.0	62.0	142.0	202.0	224.0	315.0	435.0	561.0	705.0	921.0	1230.0	1536.0	1933.0	2579.0	3409.0	4779.0	7030.0	10326.0	15716.0	25081.0	36216.0	27876.0	2057.0	1.0
	16.0	17.0	18.0	19.0	20.0	21.0	22.0	23.0	24.0	25.0	26.0	27.0	28.0	29.0	30.0	31.0	32.0	33.0	34.0	35.0	36.0	37.0
16S0120C_S12_L001_R1_001	1.0	12.0	28.0	31.0	39.0	56.0	115.0	177.0	266.0	361.0	470.0	660.0	825.0	1063.0	1471.0	1846.0	2434.0	3342.0	4803.0	7722.0	15729.0	74152.0
	14.0	15.0	16.0	17.0	18.0	19.0	20.0	21.0	22.0	23.0	24.0	25.0	26.0	27.0	28.0	29.0	30.0	31.0	32.0	33.0	34.0	35.0	36.0	37.0
16S0120C_S12_L001_R2_001	2.0	11.0	40.0	100.0	159.0	240.0	311.0	390.0	518.0	674.0	873.0	1095.0	1434.0	1865.0	2432.0	3194.0	4272.0	6050.0	8771.0	13137.0	20012.0	27898.0	20688.0	1437.0
	15.0	16.0	17.0	18.0	19.0	20.0	21.0	22.0	23.0	24.0	25.0	26.0	27.0	28.0	29.0	30.0	31.0	32.0	33.0	34.0	35.0	36.0	37.0	38.0
16S0120O_S4_L001_R1_001	1.0	5.0	10.0	27.0	50.0	67.0	126.0	233.0	412.0	536.0	755.0	1001.0	1304.0	1686.0	2149.0	2709.0	3338.0	4273.0	5853.0	8248.0	12676.0	24816.0	111032.0	1.0
	14.0	15.0	16.0	17.0	18.0	19.0	20.0	21.0	22.0	23.0	24.0	25.0	26.0	27.0	28.0	29.0	30.0	31.0	32.0	33.0	34.0	35.0	36.0	37.0
16S0120O_S4_L001_R2_001	2.0	36.0	70.0	216.0	308.0	432.0	525.0	724.0	941.0	1179.0	1497.0	1860.0	2310.0	3151.0	4002.0	5416.0	7331.0	10030.0	14419.0	20924.0	30783.0	40774.0	31741.0	2637.0
	16.0	17.0	18.0	19.0	20.0	21.0	22.0	23.0	24.0	25.0	26.0	27.0	28.0	29.0	30.0	31.0	32.0	33.0	34.0	35.0	36.0	37.0
16S0120W_S20_L001_R1_001	5.0	19.0	58.0	68.0	74.0	117.0	183.0	249.0	361.0	537.0	792.0	1048.0	1375.0	1803.0	2333.0	3111.0	4123.0	5901.0	8515.0	13951.0	29962.0	151435.0
	14.0	15.0	16.0	17.0	18.0	19.0	20.0	21.0	22.0	23.0	24.0	25.0	26.0	27.0	28.0	29.0	30.0	31.0	32.0	33.0	34.0	35.0	36.0	37.0
16S0120W_S20_L001_R2_001	2.0	28.0	90.0	206.0	290.0	391.0	514.0	626.0	890.0	1055.0	1442.0	1779.0	2218.0	3028.0	3918.0	5318.0	7375.0	10732.0	15740.0	24143.0	38014.0	58176.0	47003.0	3042.0
	17.0	18.0	19.0	20.0	21.0	22.0	23.0	24.0	25.0	26.0	27.0	28.0	29.0	30.0	31.0	32.0	33.0	34.0	35.0	36.0	37.0
16S0123C_S28_L001_R1_001	7.0	22.0	40.0	37.0	77.0	130.0	196.0	295.0	376.0	591.0	700.0	972.0	1220.0	1539.0	2132.0	2703.0	3766.0	5227.0	8780.0	17686.0	87791.0
	14.0	15.0	16.0	17.0	18.0	19.0	20.0	21.0	22.0	23.0	24.0	25.0	26.0	27.0	28.0	29.0	30.0	31.0	32.0	33.0	34.0	35.0	36.0	37.0
16S0123C_S28_L001_R2_001	4.0	16.0	56.0	128.0	183.0	264.0	315.0	460.0	549.0	701.0	950.0	1126.0	1408.0	1841.0	2284.0	3185.0	4389.0	6053.0	9112.0	13785.0	21809.0	33220.0	29891.0	2558.0
	16.0	17.0	18.0	19.0	20.0	21.0	22.0	23.0	24.0	25.0	26.0	27.0	28.0	29.0	30.0	31.0	32.0	33.0	34.0	35.0	36.0	37.0
16S0123O_S35_L001_R1_001	1.0	12.0	25.0	39.0	85.0	131.0	228.0	333.0	532.0	810.0	1110.0	1553.0	1938.0	2507.0	3241.0	4169.0	5616.0	7682.0	11002.0	17342.0	35523.0	155168.0
	13.0	14.0	15.0	16.0	17.0	18.0	19.0	20.0	21.0	22.0	23.0	24.0	25.0	26.0	27.0	28.0	29.0	30.0	31.0	32.0	33.0	34.0	35.0	36.0	37.0	38.0
16S0123O_S35_L001_R2_001	1.0	10.0	31.0	88.0	216.0	292.0	418.0	538.0	683.0	930.0	1145.0	1548.0	2026.0	2575.0	3414.0	4526.0	5985.0	8215.0	11953.0	17421.0	26376.0	41214.0	61763.0	53396.0	4282.0	1.0
	16.0	17.0	18.0	19.0	20.0	21.0	22.0	23.0	24.0	25.0	26.0	27.0	28.0	29.0	30.0	31.0	32.0	33.0	34.0	35.0	36.0	37.0
16S0123W_S42_L001_R1_001	2.0	18.0	28.0	46.0	56.0	78.0	130.0	194.0	255.0	387.0	493.0	717.0	930.0	1202.0	1534.0	2012.0	2662.0	3566.0	5367.0	8359.0	17341.0	85267.0
	14.0	15.0	16.0	17.0	18.0	19.0	20.0	21.0	22.0	23.0	24.0	25.0	26.0	27.0	28.0	29.0	30.0	31.0	32.0	33.0	34.0	35.0	36.0	37.0
16S0123W_S42_L001_R2_001	4.0	15.0	60.0	132.0	194.0	275.0	340.0	458.0	632.0	757.0	941.0	1158.0	1477.0	1940.0	2551.0	3384.0	4539.0	6702.0	9389.0	14345.0	22019.0	32666.0	24937.0	1729.0
	15.0	16.0	17.0	18.0	19.0	20.0	21.0	22.0	23.0	24.0	25.0	26.0	27.0	28.0	29.0	30.0	31.0	32.0	33.0	34.0	35.0	36.0	37.0
16S0141C_S55_L001_R1_001	1.0	2.0	10.0	26.0	38.0	53.0	78.0	167.0	222.0	314.0	414.0	547.0	752.0	1037.0	1264.0	1610.0	2092.0	2828.0	3880.0	5590.0	8864.0	18196.0	85600.0
	14.0	15.0	16.0	17.0	18.0	19.0	20.0	21.0	22.0	23.0	24.0	25.0	26.0	27.0	28.0	29.0	30.0	31.0	32.0	33.0	34.0	35.0	36.0	37.0
16S0141C_S55_L001_R2_001	3.0	16.0	56.0	115.0	181.0	251.0	326.0	415.0	549.0	673.0	845.0	1152.0	1459.0	1901.0	2463.0	3212.0	4490.0	6252.0	9049.0	13742.0	21556.0	32645.0	29612.0	2622.0
	16.0	17.0	18.0	19.0	20.0	21.0	22.0	23.0	24.0	25.0	26.0	27.0	28.0	29.0	30.0	31.0	32.0	33.0	34.0	35.0	36.0	37.0	38.0
16S0141O_S49_L001_R1_001	3.0	13.0	45.0	56.0	99.0	189.0	303.0	457.0	686.0	989.0	1316.0	1763.0	2389.0	3094.0	3976.0	5088.0	6683.0	9117.0	13267.0	21307.0	42308.0	204981.0	1.0
	14.0	15.0	16.0	17.0	18.0	19.0	20.0	21.0	22.0	23.0	24.0	25.0	26.0	27.0	28.0	29.0	30.0	31.0	32.0	33.0	34.0	35.0	36.0	37.0
16S0141O_S49_L001_R2_001	5.0	54.0	129.0	277.0	411.0	570.0	746.0	886.0	1234.0	1464.0	1959.0	2546.0	3129.0	4165.0	5469.0	7368.0	10432.0	14941.0	21547.0	32726.0	51653.0	77155.0	72106.0	7158.0
	16.0	17.0	18.0	19.0	20.0	21.0	22.0	23.0	24.0	25.0	26.0	27.0	28.0	29.0	30.0	31.0	32.0	33.0	34.0	35.0	36.0	37.0
16S0142C_S5_L001_R1_001	6.0	22.0	46.0	47.0	65.0	102.0	201.0	304.0	430.0	642.0	854.0	1161.0	1476.0	1982.0	2490.0	3245.0	4497.0	6170.0	8951.0	14326.0	29330.0	161726.0
	14.0	15.0	16.0	17.0	18.0	19.0	20.0	21.0	22.0	23.0	24.0	25.0	26.0	27.0	28.0	29.0	30.0	31.0	32.0	33.0	34.0	35.0	36.0	37.0	38.0
16S0142C_S5_L001_R2_001	10.0	25.0	118.0	222.0	272.0	360.0	484.0	677.0	764.0	1043.0	1329.0	1767.0	2145.0	2824.0	3715.0	5186.0	7177.0	9926.0	14746.0	22396.0	36150.0	58436.0	61234.0	7065.0	2.0
	16.0	17.0	18.0	19.0	20.0	21.0	22.0	23.0	24.0	25.0	26.0	27.0	28.0	29.0	30.0	31.0	32.0	33.0	34.0	35.0	36.0	37.0	38.0
16S0142O_S13_L001_R1_001	3.0	10.0	18.0	35.0	56.0	77.0	177.0	230.0	319.0	480.0	573.0	755.0	970.0	1351.0	1691.0	2262.0	3002.0	4251.0	5913.0	9518.0	19925.0	97079.0	1.0
	14.0	15.0	16.0	17.0	18.0	19.0	20.0	21.0	22.0	23.0	24.0	25.0	26.0	27.0	28.0	29.0	30.0	31.0	32.0	33.0	34.0	35.0	36.0	37.0	38.0
16S0142O_S13_L001_R2_001	3.0	20.0	80.0	174.0	266.0	428.0	562.0	750.0	858.0	1117.0	1410.0	1797.0	2154.0	2880.0	3744.0	4915.0	6657.0	9249.0	13145.0	19108.0	26627.0	31900.0	19866.0	985.0	1.0
	15.0	16.0	17.0	18.0	19.0	20.0	21.0	22.0	23.0	24.0	25.0	26.0	27.0	28.0	29.0	30.0	31.0	32.0	33.0	34.0	35.0	36.0	37.0
16S0143C_S61_L001_R1_001	1.0	3.0	10.0	37.0	50.0	58.0	94.0	178.0	243.0	384.0	604.0	775.0	1126.0	1433.0	1847.0	2572.0	3149.0	4349.0	5777.0	8374.0	13421.0	27132.0	132991.0
	14.0	15.0	16.0	17.0	18.0	19.0	20.0	21.0	22.0	23.0	24.0	25.0	26.0	27.0	28.0	29.0	30.0	31.0	32.0	33.0	34.0	35.0	36.0	37.0
16S0143C_S61_L001_R2_001	5.0	14.0	76.0	165.0	237.0	309.0	442.0	557.0	709.0	909.0	1242.0	1531.0	2087.0	2560.0	3511.0	4699.0	6613.0	9372.0	13694.0	20842.0	33476.0	51039.0	46201.0	4318.0
	16.0	17.0	18.0	19.0	20.0	21.0	22.0	23.0	24.0	25.0	26.0	27.0	28.0	29.0	30.0	31.0	32.0	33.0	34.0	35.0	36.0	37.0
16S0143O_S67_L001_R1_001	2.0	6.0	17.0	17.0	48.0	72.0	139.0	183.0	275.0	401.0	519.0	692.0	908.0	1191.0	1479.0	1827.0	2420.0	3386.0	4925.0	7656.0	15950.0	74307.0
	14.0	15.0	16.0	17.0	18.0	19.0	20.0	21.0	22.0	23.0	24.0	25.0	26.0	27.0	28.0	29.0	30.0	31.0	32.0	33.0	34.0	35.0	36.0	37.0
16S0143O_S67_L001_R2_001	4.0	14.0	50.0	128.0	172.0	260.0	328.0	422.0	536.0	660.0	836.0	1152.0	1398.0	1752.0	2352.0	3017.0	4146.0	5978.0	8619.0	12815.0	19550.0	28070.0	22600.0	1561.0
	16.0	17.0	18.0	19.0	20.0	21.0	22.0	23.0	24.0	25.0	26.0	27.0	28.0	29.0	30.0	31.0	32.0	33.0	34.0	35.0	36.0	37.0	38.0
16S0146C_S73_L001_R1_001	5.0	14.0	39.0	51.0	85.0	118.0	273.0	330.0	489.0	680.0	1065.0	1381.0	1823.0	2472.0	3164.0	4293.0	5716.0	7864.0	11056.0	18003.0	36508.0	181219.0	1.0
	14.0	15.0	16.0	17.0	18.0	19.0	20.0	21.0	22.0	23.0	24.0	25.0	26.0	27.0	28.0	29.0	30.0	31.0	32.0	33.0	34.0	35.0	36.0	37.0	38.0
16S0146C_S73_L001_R2_001	4.0	38.0	120.0	239.0	352.0	481.0	632.0	840.0	1082.0	1404.0	1757.0	2347.0	3036.0	3692.0	5119.0	7059.0	9387.0	13441.0	19601.0	29264.0	45873.0	68557.0	57999.0	4324.0	1.0
	16.0	17.0	18.0	19.0	20.0	21.0	22.0	23.0	24.0	25.0	26.0	27.0	28.0	29.0	30.0	31.0	32.0	33.0	34.0	35.0	36.0	37.0
16S0146O_S79_L001_R1_001	3.0	12.0	36.0	35.0	57.0	86.0	146.0	235.0	370.0	483.0	704.0	908.0	1200.0	1512.0	2023.0	2610.0	3449.0	4559.0	6645.0	10727.0	21631.0	106744.0
	13.0	14.0	15.0	16.0	17.0	18.0	19.0	20.0	21.0	22.0	23.0	24.0	25.0	26.0	27.0	28.0	29.0	30.0	31.0	32.0	33.0	34.0	35.0	36.0	37.0	38.0
16S0146O_S79_L001_R2_001	1.0	4.0	16.0	66.0	145.0	225.0	318.0	377.0	490.0	712.0	800.0	1017.0	1251.0	1533.0	2063.0	2603.0	3669.0	4880.0	7129.0	10245.0	15782.0	25100.0	40313.0	41179.0	4256.0	1.0
	19.0	20.0	21.0	22.0	23.0	24.0	25.0	26.0	27.0	28.0	29.0	30.0	31.0	32.0	33.0	34.0	35.0	36.0	37.0
16SNEGCTRL_S21_L001_R1_001	1.0	0.0	0.0	5.0	2.0	7.0	4.0	3.0	7.0	11.0	11.0	25.0	19.0	26.0	33.0	52.0	66.0	116.0	426.0
	16.0	17.0	18.0	19.0	20.0	21.0	22.0	23.0	24.0	25.0	26.0	27.0	28.0	29.0	30.0	31.0	32.0	33.0	34.0	35.0	36.0	37.0
16SNEGCTRL_S21_L001_R2_001	1.0	1.0	5.0	2.0	6.0	7.0	7.0	6.0	10.0	13.0	19.0	18.0	26.0	27.0	53.0	57.0	82.0	103.0	142.0	142.0	83.0	4.0

