Sample	FastQC_mqc-generalstats-fastqc-percent_duplicates	FastQC_mqc-generalstats-fastqc-percent_gc	FastQC_mqc-generalstats-fastqc-avg_sequence_length	FastQC_mqc-generalstats-fastqc-median_sequence_length	FastQC_mqc-generalstats-fastqc-percent_fails	FastQC_mqc-generalstats-fastqc-total_sequences
16S0064C_S1_L001_R1_001	95.71693461295516	50.0	274.02195189871696	274	45.45454545454545	147231.0
16S0064C_S1_L001_R2_001	92.78412834253656	51.0	273.99094620018883	274	54.54545454545454	147231.0
16S0064O_S9_L001_R1_001	25.0	51.0	278.25	278	36.36363636363637	48.0
16S0064O_S9_L001_R2_001	10.416666666666657	52.0	274.25	274	36.36363636363637	48.0
16S0064W_S17_L001_R1_001	94.79886433604707	51.0	277.01098891701446	277	45.45454545454545	116936.0
16S0064W_S17_L001_R2_001	90.15615379352809	52.0	272.2388571526305	272	54.54545454545454	116936.0
16S0073C_S25_L001_R1_001	97.2838644572916	51.0	274.00775230352815	274	45.45454545454545	212066.0
16S0073C_S25_L001_R2_001	94.67052710005376	52.0	273.9833353767223	274	45.45454545454545	212066.0
16S0073O_S32_L001_R1_001	96.69595861818622	50.0	274.01858854135156	274	45.45454545454545	132232.0
16S0073O_S32_L001_R2_001	94.37655030552362	51.0	273.9948121483453	274	45.45454545454545	132232.0
16S0073W_S39_L001_R1_001	93.59937166465829	52.0	276.9956425374419	277	45.45454545454545	92944.0
16S0073W_S39_L001_R2_001	88.69857118264761	53.0	272.20999741779997	272	45.45454545454545	92944.0
16S0074C_S52_L001_R1_001	98.45815838297041	50.0	277.0129748071477	277	45.45454545454545	409640.0
16S0074C_S52_L001_R2_001	96.36290401327996	52.0	272.24084562054486	272	54.54545454545454	409640.0
16S0074O_S46_L001_R1_001	97.56672829848765	53.0	274.0206822168492	274	45.45454545454545	168744.0
16S0074O_S46_L001_R2_001	94.33639121983596	54.0	273.9882721756033	274	45.45454545454545	168744.0
16S0084C_S58_L001_R1_001	97.327306276036	49.0	277.01563167266954	277	45.45454545454545	124107.0
16S0084C_S58_L001_R2_001	94.93098697092026	50.0	272.24549783654425	272	45.45454545454545	124107.0
16S0084W_S64_L001_R1_001	97.25255760654969	51.0	277.0151178362856	277	45.45454545454545	289724.0
16S0084W_S64_L001_R2_001	94.61418453424639	51.0	272.2400215377394	272	54.54545454545454	289724.0
16S0087C_S76_L001_R1_001	97.61466512884522	51.0	277.0125803801368	277	45.45454545454545	253172.0
16S0087C_S76_L001_R2_001	94.54679032436447	53.0	272.24412257279636	272	45.45454545454545	253172.0
16S0087O_S70_L001_R1_001	97.42760715491056	53.0	274.0142018224772	274	45.45454545454545	148150.0
16S0087O_S70_L001_R2_001	94.025649679379	53.0	273.98215997300036	274	45.45454545454545	148150.0
16S0088C_S10_L001_R1_001	95.16024522753327	52.0	277.01594975826146	277	45.45454545454545	40126.0
16S0088C_S10_L001_R2_001	92.3241788366645	52.0	272.2472212530529	272	45.45454545454545	40126.0
16S0088O_S2_L001_R1_001	95.33714443143467	54.0	276.94662166815897	277	45.45454545454545	43557.0
16S0088O_S2_L001_R2_001	92.63723396928162	55.0	272.18963656817505	272	54.54545454545454	43557.0
16S0089C_S18_L001_R1_001	97.81714355888494	50.0	277.0112980474027	277	45.45454545454545	162860.0
16S0089C_S18_L001_R2_001	94.94657988456343	51.0	272.23428097752674	272	54.54545454545454	162860.0
16S0089O_S26_L001_R1_001	96.56900746835734	52.0	277.00571832088605	277	45.45454545454545	130283.0
16S0089O_S26_L001_R2_001	93.96851469493333	53.0	272.22519438453213	272	45.45454545454545	130283.0
16S0090C_S40_L001_R1_001	94.55241117047336	52.0	276.9909012434967	277	45.45454545454545	42863.0
16S0090C_S40_L001_R2_001	90.95723584443459	53.0	272.21508060565054	272	45.45454545454545	42863.0
16S0090O_S33_L001_R1_001	97.06532221638976	51.0	277.0117191791692	277	45.45454545454545	245751.0
16S0090O_S33_L001_R2_001	94.49524111804224	51.0	272.23660941359344	272	54.54545454545454	245751.0
16S0092C_S53_L001_R1_001	95.62381290409225	50.0	277.00470042016	277	45.45454545454545	52123.0
16S0092C_S53_L001_R2_001	93.15081633827677	51.0	272.2318170481361	272	45.45454545454545	52123.0
16S0092O_S47_L001_R1_001	44.11764705882353	52.0	271.2647058823529	277	27.27272727272727	102.0
16S0092O_S47_L001_R2_001	16.666666666666657	52.0	266.3137254901961	272	36.36363636363637	102.0
16S0093C_S65_L001_R1_001	96.24787099112157	51.0	277.01250226490305	277	45.45454545454545	137975.0
16S0093C_S65_L001_R2_001	92.6638883855771	51.0	272.23699220873345	272	45.45454545454545	137975.0
16S0093O_S59_L001_R1_001	97.36130117638197	50.0	277.0164781358677	277	45.45454545454545	318604.0
16S0093O_S59_L001_R2_001	95.36697593250555	51.0	273.9967357597519	274	54.54545454545454	318604.0
16S0093W_S71_L001_R1_001	94.41465907022972	51.0	276.96822374959754	277	45.45454545454545	71437.0
16S0093W_S71_L001_R2_001	90.21375477693633	52.0	272.1984125873147	272	45.45454545454545	71437.0
16S0094C_S3_L001_R1_001	96.27568424592816	51.0	277.0152944379494	277	45.45454545454545	124882.0
16S0094C_S3_L001_R2_001	92.78919299819029	52.0	272.2382248842908	272	45.45454545454545	124882.0
16S0094O_S77_L001_R1_001	90.20843431895298	54.0	272.93940862821137	274	45.45454545454545	2063.0
16S0094O_S77_L001_R2_001	86.1366941347552	56.0	272.8948133785749	274	45.45454545454545	2063.0
16S0113C_S19_L001_R1_001	84.29276315789474	53.0	259.84786184210526	274	45.45454545454545	2432.0
16S0113C_S19_L001_R2_001	82.60690789473685	55.0	259.64967105263156	274	45.45454545454545	2432.0
16S0113O_S11_L001_R1_001	97.55368587466708	51.0	274.0186198861831	274	45.45454545454545	387113.0
16S0113O_S11_L001_R2_001	95.25461557736372	52.0	273.9854616094009	274	54.54545454545454	387113.0
16S0117C_S27_L001_R1_001	97.59897489588786	48.0	274.0231117222843	274	54.54545454545454	127987.0
16S0117C_S27_L001_R2_001	96.24805644323251	49.0	273.99267113066173	274	54.54545454545454	127987.0
16S0117O_S34_L001_R1_001	97.12165738194409	51.0	277.01049543153914	277	45.45454545454545	211997.0
16S0117O_S34_L001_R2_001	94.27680580385571	51.0	272.2385646966702	272	45.45454545454545	211997.0
16S0117W_S41_L001_R1_001	98.85370626988338	51.0	274.0262580309759	274	45.45454545454545	1127198.0
16S0117W_S41_L001_R2_001	97.22834852439412	50.0	273.99403476585303	274	54.54545454545454	1127198.0
16S0118C_S54_L001_R1_001	93.38601858146386	52.0	276.85384092454115	277	36.36363636363637	35304.0
16S0118C_S54_L001_R2_001	89.9841377747564	52.0	272.0843530478133	272	45.45454545454545	35304.0
16S0118O_S48_L001_R1_001	85.16566265060241	53.0	264.3855421686747	274	45.45454545454545	1328.0
16S0118O_S48_L001_R2_001	82.07831325301206	56.0	264.2409638554217	274	54.54545454545454	1328.0
16S0118W_S60_L001_R1_001	89.49843260188088	54.0	267.4686520376176	274	45.45454545454545	2552.0
16S0118W_S60_L001_R2_001	86.5987460815047	56.0	265.6402821316614	272	54.54545454545454	2552.0
16S0119C_S72_L001_R1_001	90.86731763354393	52.0	275.5022975301551	277	45.45454545454545	6964.0
16S0119C_S72_L001_R2_001	86.04250430786904	54.0	270.6695864445721	272	54.54545454545454	6964.0
16S0119O_S66_L001_R1_001	97.80333341945098	51.0	274.02330843422294	274	36.36363636363637	1199909.0
16S0119O_S66_L001_R2_001	95.08512728881941	51.0	273.9937878622462	274	54.54545454545454	1199909.0
16S0119W_S78_L001_R1_001	96.91116459139897	52.0	277.0016044086359	277	45.45454545454545	143355.0
16S0119W_S78_L001_R2_001	94.51013218932022	52.0	272.2364689058631	272	45.45454545454545	143355.0
16S0120C_S12_L001_R1_001	96.45510929647155	50.0	274.0221793552071	274	45.45454545454545	115603.0
16S0120C_S12_L001_R2_001	93.81330934318314	52.0	273.99335657379135	274	54.54545454545454	115603.0
16S0120O_S4_L001_R1_001	95.93509387340879	51.0	274.0180356079158	274	45.45454545454545	181308.0
16S0120O_S4_L001_R2_001	93.03615946345445	51.0	273.98752399232245	274	45.45454545454545	181308.0
16S0120W_S20_L001_R1_001	97.87319706220688	51.0	277.0047119723918	277	36.36363636363637	226020.0
16S0120W_S20_L001_R2_001	95.61366250774267	52.0	272.2358198389523	272	45.45454545454545	226020.0
16S0123C_S28_L001_R1_001	96.12173925994325	50.0	277.0109467037018	277	36.36363636363637	134287.0
16S0123C_S28_L001_R2_001	92.91219552153224	51.0	272.24417851318447	272	45.45454545454545	134287.0
16S0123O_S35_L001_R1_001	96.50909266122459	51.0	277.0118853067895	277	45.45454545454545	249047.0
16S0123O_S35_L001_R2_001	93.7068103610965	51.0	272.24628684545485	272	45.45454545454545	249047.0
16S0123W_S42_L001_R1_001	97.03775144667952	51.0	274.0182021371054	274	45.45454545454545	130644.0
16S0123W_S42_L001_R2_001	94.28293683598176	53.0	273.99390710633475	274	54.54545454545454	130644.0
16S0141C_S55_L001_R1_001	96.88213497024367	49.0	277.016431485571	277	45.45454545454545	133585.0
16S0141C_S55_L001_R2_001	94.69251787251562	50.0	272.24735561627426	272	45.45454545454545	133585.0
16S0141O_S49_L001_R1_001	96.65954169679063	51.0	274.02419136830855	274	36.36363636363637	318130.0
16S0141O_S49_L001_R2_001	93.68214252035331	51.0	273.9935215163612	274	54.54545454545454	318130.0
16S0142C_S5_L001_R1_001	96.89044956798965	50.0	274.01863294031665	274	36.36363636363637	238073.0
16S0142C_S5_L001_R2_001	94.01780126263793	51.0	273.9901332784482	274	54.54545454545454	238073.0
16S0142O_S13_L001_R1_001	97.16401248184215	50.0	274.02461397751114	274	45.45454545454545	148696.0
16S0142O_S13_L001_R2_001	93.39995695916501	50.0	273.9909345241298	274	54.54545454545454	148696.0
16S0143C_S61_L001_R1_001	97.14234047544574	50.0	277.0126094776353	277	45.45454545454545	204608.0
16S0143C_S61_L001_R2_001	94.9234634031905	51.0	272.2436854863935	272	45.45454545454545	204608.0
16S0143O_S67_L001_R1_001	96.86394090362481	52.0	277.01430166638033	277	45.45454545454545	116420.0
16S0143O_S67_L001_R2_001	93.5878714997423	52.0	272.24023363683216	272	45.45454545454545	116420.0
16S0146C_S73_L001_R1_001	98.3426652545283	50.0	277.0125610430546	277	45.45454545454545	276649.0
16S0146C_S73_L001_R2_001	96.0979436036277	51.0	272.23636449074456	272	54.54545454545454	276649.0
16S0146O_S79_L001_R1_001	96.86371250190345	50.0	274.02614283538907	274	45.45454545454545	164175.0
16S0146O_S79_L001_R2_001	94.5820009136592	51.0	273.99453022689204	274	45.45454545454545	164175.0
16SNEGCTRL_S21_L001_R1_001	80.46683046683046	53.0	276.4594594594595	277	45.45454545454545	814.0
16SNEGCTRL_S21_L001_R2_001	71.37592137592138	55.0	271.6388206388206	272	54.54545454545454	814.0
